   1.67579   0.0175575 -0.00636384 -0.00180039   -0.258347 -0.00571168    0.953444
   1.67993   0.0132964 -0.00529858 -0.00180039   -0.259079 -0.00632203    0.955886
   1.68595  0.00424166 -0.00476595 -0.00233302   -0.258469 -0.00693239    0.956618
    1.6902  0.00424166 -0.00423332 -0.00286565   -0.257736 -0.00778688    0.956618
    1.6959  0.00797008 -0.00529858 -0.00286565   -0.259201 -0.00778688    0.958205
   1.70028  0.00903535 -0.00636384 -0.00233302   -0.259689 -0.00681031    0.956008
   1.70616  0.00956798 -0.00476595 -0.00286565   -0.259567 -0.00705446    0.954787
   1.71066    0.013829 -0.00583121 -0.00286565   -0.259201 -0.00656617    0.955886
   1.71648    0.013829 -0.00636384 -0.00180039   -0.258347 -0.00668824    0.955031
   1.72066  0.00903535 -0.00529858 -0.00233302   -0.258591 -0.00668824    0.956618
   1.72591  0.00956798 -0.00636384 -0.00233302   -0.258835 -0.00693239    0.957351
   1.73017  0.00583955 -0.00583121 -0.00180039   -0.259323 -0.00742067    0.956008
   1.73586  0.00637219 -0.00529858 -0.00180039     -0.2603 -0.00668824    0.954909
   1.74075   0.0116985 -0.00476595 -0.00126776  -0.259079 -0.0064441   0.952834
   1.74633  0.00797008 -0.00423332 -0.00233302   -0.258591 -0.00619996    0.955153
   1.75028  0.00637219 -0.00583121 -0.00286565   -0.259201 -0.00717653    0.957595
   1.75673  0.00583955 -0.00583121 -0.00180039   -0.258591 -0.00766481    0.956618
   1.76033  0.00317639 -0.00529858 -0.00233302   -0.258835 -0.00717653    0.957839
   1.76599   0.0015785 -0.00529858 -0.00286565   -0.259201 -0.00742067    0.957839
   1.77041  0.00264376 -0.00583121 -0.00286565   -0.259934 -0.00742067     0.95613
   1.77611  0.00424166 -0.00583121 -0.00339828  -0.259445 -0.0072986   0.954665
   1.78011  0.00637219 -0.00423332 -0.00286565   -0.258713 -0.00705446    0.953689
   1.78597  0.00743745 -0.00370068 -0.00180039   -0.259689 -0.00681031    0.955153
   1.79016  0.00637219 -0.00529858 -0.00180039  -0.259079 -0.0072986   0.956496
   1.79603   0.0132964 -0.00689648 -0.00180039   -0.258225 -0.00681031    0.957106
   1.80045   0.0148943 -0.00689648 -0.00126776  -0.258591 -0.0064441    0.95674
   1.80597  0.00477429 -0.00583121 -0.00180039   -0.25798 -0.0072986   0.955275
   1.81031 -1.94013e-05  -0.00476595  -0.00233302   -0.258347 -0.00705446    0.956496
   1.81646  0.00530692 -0.00529858 -0.00233302   -0.259323 -0.00717653    0.957473
   1.82001   0.0116985 -0.00636384 -0.00233302  -0.258469 -0.0072986   0.955275
   1.82606  0.00637219 -0.00529858 -0.00233302    -0.25798 -0.00790895    0.955275
   1.83039  0.00477429 -0.00423332 -0.00233302   -0.259201 -0.00766481    0.957229
   1.83639   0.0122311 -0.00583121 -0.00233302  -0.259689 -0.0064441   0.956984
   1.84011   0.0106332 -0.00583121 -0.00286565   -0.258713 -0.00681031     0.95552
   1.84641  0.00743745 -0.00529858 -0.00233302   -0.258957 -0.00632203    0.954177
   1.85022  0.00903535 -0.00529858 -0.00180039  -0.259201 -0.0064441   0.953689
   1.85581   0.0111659 -0.00476595 -0.00233302  -0.258591 -0.0064441   0.955764
   1.86126  0.00583955 -0.00476595 -0.00233302    -0.25798 -0.00595582    0.956862
   1.86598  0.00211113 -0.00529858 -0.00233302   -0.258591 -0.00693239    0.957595
   1.87047  0.00797008 -0.00583121 -0.00180039   -0.259445 -0.00742067    0.958693
     1.876   0.0111659 -0.00636384 -0.00180039   -0.259201 -0.00778688    0.956618
   1.88113   0.0143617 -0.00689648 -0.00233302   -0.260056 -0.00742067     0.95552
   1.88572   0.0180901 -0.00689648 -0.00233302   -0.259567 -0.00619996    0.954543
   1.89006    0.013829 -0.00583121 -0.00233302   -0.258591 -0.00595582    0.954421
    1.8961  0.00850272 -0.00529858 -0.00180039   -0.259567 -0.00632203    0.956862
   1.90013  0.00850272 -0.00529858 -0.00126776   -0.258347 -0.00693239    0.955886
   1.90598  0.00424166 -0.00423332 -0.00180039   -0.25737 -0.0072986   0.956008
   1.91076  0.00264376 -0.00476595 -0.00286565   -0.259323 -0.00607789    0.957717
   1.91582  0.00477429 -0.00529858 -0.00286565   -0.259323 -0.00668824    0.956008
   1.92022   0.0101006 -0.00529858 -0.00180039   -0.258591 -0.00742067    0.955153
    1.9261   0.0154269 -0.00583121 -0.00180039   -0.258835 -0.00668824    0.955031
   1.93041   0.0106332 -0.00636384 -0.00233302   -0.259445 -0.00668824    0.956374
    1.9358   0.0106332 -0.00689648 -0.00286565   -0.259079 -0.00717653    0.958083
   1.94064  0.00797008 -0.00583121 -0.00339828   -0.258225 -0.00778688    0.956618
   1.94578  0.00530692 -0.00529858 -0.00286565   -0.259079 -0.00754274    0.955886
   1.95011  0.00317639 -0.00423332 -0.00233302  -0.259689 -0.0064441   0.955031
   1.95589   0.0015785 -0.00423332 -0.00180039   -0.259934 -0.00619996    0.954543
   1.96039   0.0106332 -0.00636384 -0.00126776  -0.259079 -0.0064441   0.955153
   1.96616   0.0170248 -0.00689648 -0.00180039  -0.257858 -0.0064441   0.954665
   1.97008   0.0191554 -0.00689648 -0.00180039   -0.258225 -0.00656617    0.955886
   1.97595   0.0143617 -0.00689648 -0.00233302   -0.258835 -0.00681031    0.957961
   1.98031  0.00956798 -0.00689648 -0.00339828  -0.259567 -0.0085193   0.958693
   1.98572  0.00903535 -0.00742911 -0.00339828   -0.259934 -0.00790895    0.956618
   1.99026  0.00211113 -0.00583121 -0.00339828   -0.258713 -0.00607789    0.954299
   1.99591 -0.00321519 -0.00370068 -0.00339828   -0.257736 -0.00595582    0.954177
   1.99987  0.00104586 -0.00370068 -0.00286565   -0.258835 -0.00693239    0.955275
   2.00578  0.00637219 -0.00476595 -0.00233302   -0.259079 -0.00717653    0.956618
   2.01034  0.00370903 -0.00476595 -0.00180039    -0.25798 -0.00632203    0.955886
   2.01594  0.00317639 -0.00476595 -0.00180039   -0.257736 -0.00619996    0.954909
   2.02055   0.0127638 -0.00689648 -0.00233302   -0.258713 -0.00656617    0.956252
   2.02599   0.0191554 -0.00796174 -0.00233302   -0.259689 -0.00693239    0.957595
   2.03054   0.0116985 -0.00583121 -0.00233302  -0.258957 -0.0064441   0.956374
   2.03623  0.00424166 -0.00370068 -0.00233302   -0.258225 -0.00595582    0.955153
   2.04105  0.00797008 -0.00476595 -0.00180039   -0.258469 -0.00778688     0.95613
   2.04617   0.0116985 -0.00583121 -0.00126776   -0.258713 -0.00961793    0.957106
   2.05125  0.00690482 -0.00583121 -0.00180039   -0.258713 -0.00827516    0.956252
   2.05585  0.00211113 -0.00583121 -0.00233302   -0.258713 -0.00693239    0.955397
   2.06024  0.00424166 -0.00583121 -0.00180039   -0.259689 -0.00668824    0.956008
   2.06627  0.00637219 -0.00583121 -0.00126776  -0.260666 -0.0064441   0.956618
   2.07101  0.00797008 -0.00476595 -0.00180039   -0.258713 -0.00619996     0.95552
   2.07626  0.00956798 -0.00370068 -0.00233302    -0.25676 -0.00595582    0.954421
   2.08004   0.0101006 -0.00529858 -0.00233302    -0.25798 -0.00681031    0.956496
   2.08603   0.0106332 -0.00689648 -0.00233302   -0.259201 -0.00766481    0.958571
   2.09027   0.0106332 -0.00529858 -0.00233302   -0.258469 -0.00742067    0.956984
   2.09597   0.0106332 -0.00370068 -0.00233302   -0.257736 -0.00717653    0.955397
   2.10025  0.00743745 -0.00423332 -0.00180039   -0.259079 -0.00632203    0.955397
   2.10582  0.00424166 -0.00476595 -0.00126776   -0.260422 -0.00546754    0.955397
   2.11014  0.00903535 -0.00529858 -0.00233302   -0.259079 -0.00583375    0.955642
    2.1158    0.013829 -0.00583121 -0.00339828   -0.257736 -0.00619996    0.955886
   2.12049  0.00104586 -0.00476595 -0.00339828   -0.259201 -0.00632203    0.955397
   2.12596  -0.0117373 -0.00370068 -0.00339828  -0.260666 -0.0064441   0.954909
   2.13013  0.00264376 -0.00529858 -0.00233302   -0.259201 -0.00619996    0.954421
   2.13677   0.0170248 -0.00689648 -0.00126776   -0.257736 -0.00595582    0.953933
   2.14051   0.0122311 -0.00583121 -0.00126776  -0.257736 -0.0064441   0.953689
     2.146  0.00424166 -0.00423332 -0.00126776   -0.258103 -0.00693239    0.955031
   2.15032 -0.00214993 -0.00423332 -0.00233302  -0.257858 -0.0072986   0.956496
   2.15598 -0.00534572 -0.00476595 -0.00339828   -0.257248 -0.00766481    0.956374
   2.16026  0.00530692 -0.00583121 -0.00233302   -0.258347 -0.00754274    0.956374
   2.16606   0.0159596 -0.00689648 -0.00126776     -0.2603 -0.00766481    0.956862
   2.17038   0.0186227 -0.00742911 -0.00233302   -0.260422 -0.00717653    0.956374
   2.17567   0.0154269 -0.00636384 -0.00286565   -0.259445 -0.00619996    0.954421
   2.18073  0.00477429 -0.00423332 -0.00286565   -0.258713 -0.00571168    0.953689
   2.18636  0.00956798 -0.00529858 -0.00286565   -0.258591 -0.00583375    0.954909
   2.19029   0.0159596 -0.00636384 -0.00180039   -0.258103 -0.00632203    0.956496
   2.19603   0.0148943 -0.00583121 -0.00180039    -0.25798 -0.00717653     0.95674
   2.20051   0.0159596 -0.00689648 -0.00180039   -0.258957 -0.00839723    0.956374
    2.2063   0.0132964 -0.00849437 -0.00180039   -0.259445 -0.00815309    0.956496
   2.21029   0.0148943 -0.00796174 -0.00233302   -0.259445 -0.00668824    0.955886
   2.21594   0.0127638 -0.00583121 -0.00233302   -0.258713 -0.00656617    0.954543
   2.22029  0.00424166 -0.00423332 -0.00286565  -0.259201 -0.0072986    0.95552
   2.22619  0.00956798 -0.00583121 -0.00286565   -0.260178 -0.00742067    0.956984
   2.23045   0.0122311 -0.00742911 -0.00233302   -0.259201 -0.00705446    0.955642
   2.23588  0.00690482 -0.00636384 -0.00286565   -0.258713 -0.00717653    0.955031
   2.24006  0.00690482 -0.00583121 -0.00233302   -0.259079 -0.00705446     0.95552
   2.24704  0.00583955 -0.00529858 -0.00126776  -0.258835 -0.0064441   0.954909
   2.25028  0.00583955 -0.00529858 -0.00180039  -0.258835 -0.0064441   0.955642
   2.25586  0.00743745 -0.00476595 -0.00180039    -0.25798 -0.00632203    0.956374
    2.2604  0.00797008 -0.00476595 -0.00126776    -0.25737 -0.00705446    0.957351
   2.26601   0.0101006 -0.00689648 -0.00180039   -0.258225 -0.00815309    0.958327
   2.27021  0.00797008 -0.00689648 -0.00233302   -0.259567 -0.00815309    0.957106
   2.27594  0.00637219 -0.00583121 -0.00339828   -0.260544 -0.00717653    0.956252
    2.2805   0.0148943 -0.00636384 -0.00339828   -0.259567 -0.00693239    0.954543
   2.28606   0.0180901 -0.00583121 -0.00180039   -0.258957 -0.00742067    0.953689
   2.29006   0.0143617 -0.00583121 -0.00180039  -0.259812 -0.0064441   0.955642
   2.29754  0.00797008 -0.00583121 -0.00233302   -0.258591 -0.00619996    0.955764
   2.30451  0.00637219 -0.00476595 -0.00286565   -0.257614 -0.00668824     0.95552
    2.3152   0.0111659 -0.00636384 -0.00286565   -0.258469 -0.00717653     0.95674
   2.31665  0.00211113 -0.00583121 -0.00233302   -0.258591 -0.00766481    0.956252
   2.31681  0.00370903 -0.00529858 -0.00339828   -0.259323 -0.00693239    0.956374
   2.32019  0.00637219 -0.00529858 -0.00286565   -0.259079 -0.00693239     0.95613
   2.32804  0.00903535 -0.00476595 -0.00126776   -0.258103 -0.00717653    0.955153
   2.33045   0.0170248 -0.00636384 -0.00180039   -0.258713 -0.00742067     0.95613
   2.33589   0.0132964 -0.00689648 -0.00180039   -0.258957 -0.00766481    0.956496
   2.34055   0.0127638 -0.00742911 -0.00126776   -0.258835 -0.00742067     0.95674
   2.34893  0.00903535 -0.00689648 -0.00126776   -0.258835 -0.00742067    0.955397
   2.35058   0.0122311 -0.00636384 -0.00233302  -0.259079 -0.0064441   0.953322
   2.35673   0.0132964 -0.00636384 -0.00286565   -0.259201 -0.00619996    0.954665
    2.3619   0.0111659 -0.00583121 -0.00233302  -0.258591 -0.0072986   0.955642
   2.36586    0.013829 -0.00583121 -0.00180039   -0.258347 -0.00778688    0.956618
   2.37043   0.0111659 -0.00529858 -0.00233302   -0.258835 -0.00766481    0.958205
   2.37604  0.00424166 -0.00476595 -0.00286565   -0.258957 -0.00681031    0.957595
   2.38028  0.00104586 -0.00423332 -0.00233302   -0.259323 -0.00668824    0.956618
   2.38604  0.00743745 -0.00370068 -0.00180039   -0.259689 -0.00705446    0.954909
   2.39013   0.0148943 -0.00529858 -0.00233302   -0.259689 -0.00681031    0.954665
   2.39601   0.0154269 -0.00742911 -0.00339828   -0.259323 -0.00681031    0.955397
   2.40006   0.0132964 -0.00689648 -0.00286565   -0.258225 -0.00632203    0.954787
   2.40604  0.00424166 -0.00476595 -0.00286565    -0.25798 -0.00656617    0.956862
   2.41028  0.00850271 -0.00476595 -0.00286565   -0.258469 -0.00717653    0.957106
    2.4159   0.0170248 -0.00583121 -0.00233302   -0.259689 -0.00717653    0.956374
   2.42012   0.0148943 -0.00636384 -0.00286565  -0.259934 -0.0072986   0.956496
   2.42581  0.00903535 -0.00583121 -0.00233302  -0.258713 -0.0072986   0.954665
   2.43317  0.00797008 -0.00583121 -0.00180039   -0.258469 -0.00754274    0.955275
   2.43607   0.0154269 -0.00689648 -0.00233302   -0.258469 -0.00754274    0.956862
   2.45127   0.0148943 -0.00636384 -0.00286565    -0.25798 -0.00754274    0.956496
   2.45288   0.0148943 -0.00636384 -0.00339828  -0.258469 -0.0072986   0.955886
   2.45369   0.0170248 -0.00689648 -0.00286565   -0.260178 -0.00693239    0.955642
    2.4562   0.0175575 -0.00636384 -0.00233302  -0.260422 -0.0064441   0.955153
    2.4606   0.0148943 -0.00636384 -0.00286565   -0.259445 -0.00595582    0.955275
   2.46626  0.00477429 -0.00529858 -0.00286565   -0.258469 -0.00619996    0.955764
   2.47096   0.0015785 -0.00370068 -0.00286565   -0.25798 -0.0064441   0.956618
    2.4758  0.00583955 -0.00476595 -0.00286565   -0.258225 -0.00705446    0.957351
   2.48096  0.00850272 -0.00529858 -0.00180039   -0.258225 -0.00803102    0.957106
   2.48575   0.0106332 -0.00529858 -0.00180039   -0.259201 -0.00790895    0.957473
   2.49102  0.00637219 -0.00636384 -0.00286565   -0.260178 -0.00766481    0.956984
   2.49551 -0.00321519 -0.00529858 -0.00393092   -0.259567 -0.00717653    0.955031
   2.50011 -0.00587835 -0.00370068 -0.00446355   -0.259079 -0.00668824    0.954299
   2.51115   0.0101006 -0.00529858 -0.00339828  -0.258957 -0.0064441   0.953811
    2.5116    0.019688 -0.00636384 -0.00286565   -0.258469 -0.00668824    0.955031
   2.51633   0.0164922 -0.00689648 -0.00233302   -0.258469 -0.00693239    0.956618
   2.52054  0.00690482 -0.00636384 -0.00180039   -0.258957 -0.00668824    0.956008
   2.52597  0.00104586 -0.00583121 -0.00286565   -0.259201 -0.00619996    0.956252
   2.53025   0.0143617 -0.00742911 -0.00339828   -0.258957 -0.00607789    0.956374
   2.53633   0.0223512 -0.00796174 -0.00286565   -0.259445 -0.00681031    0.956618
   2.54009   0.0148943 -0.00689648 -0.00233302   -0.259079 -0.00705446    0.956374
   2.54602   0.0191554 -0.00689648 -0.00180039   -0.257858 -0.00754274     0.95552
   2.55062   0.0207533 -0.00742911 -0.00126776   -0.258957 -0.00766481    0.957229
   2.55618   0.0170248 -0.00742911 -0.00180039   -0.260422 -0.00742067    0.957106
   2.56126   0.0159596 -0.00689648 -0.00286565   -0.260544 -0.00742067    0.954543
   2.56595  0.00956798 -0.00529858 -0.00339828   -0.260422 -0.00632203    0.954055
   2.57097   0.0101006 -0.00583121 -0.00286565   -0.259567 -0.00595582    0.953444
   2.57609  0.00690482 -0.00529858 -0.00233302   -0.258835 -0.00693239    0.954177
   2.58032    0.013829 -0.00636384 -0.00233302   -0.258713 -0.00656617    0.957351
   2.58596   0.0170248 -0.00742911 -0.00233302  -0.257614 -0.0072986   0.956984
   2.59053  0.00264376 -0.00529858 -0.00286565   -0.258469 -0.00754274    0.957229
   2.59643  0.00211113 -0.00636384 -0.00286565   -0.260056 -0.00742067    0.957595
   2.60042   0.0116985 -0.00689648 -0.00233302   -0.259689 -0.00766481    0.955153
   2.60638  0.00903535 -0.00583121 -0.00180039  -0.259567 -0.0064441   0.956374
   2.61067   0.0015785 -0.00529858 -0.00126776   -0.258591 -0.00705446     0.95613
   2.61586   0.0015785 -0.00476595 -0.00233302  -0.258469 -0.0072986   0.954665
   2.62015  0.00477429 -0.00583121 -0.00339828   -0.259201 -0.00668824    0.956374
   2.62618  0.00264376 -0.00529858 -0.00286565   -0.258591 -0.00705446    0.954787
   2.63021  0.00317639 -0.00476595 -0.00286565   -0.259445 -0.00754274    0.955275
   2.63651  0.00370902 -0.00529858 -0.00286565   -0.259201 -0.00705446    0.956374
   2.64082  0.00370902 -0.00476595 -0.00233302   -0.258225 -0.00632203    0.954421
   2.64698   0.0111659 -0.00583121 -0.00286565   -0.258713 -0.00693239    0.956252
   2.65032   0.0143617 -0.00689648 -0.00233302   -0.258469 -0.00766481    0.957351
   2.65629   0.0101006 -0.00636384 -0.00126776   -0.258713 -0.00790895    0.958205
   2.66076   0.0122311 -0.00742911 -0.00126776   -0.259445 -0.00778688    0.958327
   2.66624   0.0106332 -0.00796174 -0.00180039   -0.259201 -0.00754274    0.955642
   2.67014  0.00211113 -0.00583121 -0.00286565   -0.259689 -0.00705446    0.955886
   2.67736  0.00317639 -0.00423332 -0.00286565   -0.259689 -0.00705446    0.954909
   2.68001  0.00956798 -0.00476595 -0.00233302   -0.258469 -0.00693239     0.95259
   2.68595   0.0111659 -0.00529858 -0.00233302   -0.258591 -0.00668824    0.954787
   2.69018   0.0127638 -0.00636384 -0.00233302   -0.258591 -0.00693239    0.957961
   2.69597   0.0159596 -0.00742911 -0.00286565    -0.25798 -0.00717653    0.957961
   2.70086  0.00956798 -0.00636384 -0.00233302   -0.258225 -0.00742067    0.955886
   2.70755  0.00477429 -0.00583121 -0.00126776   -0.259689 -0.00742067     0.95613
   2.71055  0.00583955 -0.00583121 -0.00180039   -0.260056 -0.00742067    0.957106
   2.71605   0.0132964 -0.00583121 -0.00233302   -0.258835 -0.00790895    0.955397
   2.72031  0.00956798 -0.00529858 -0.00286565  -0.259323 -0.0072986   0.955642
   2.72586  0.00211113 -0.00476595 -0.00393092   -0.259445 -0.00632203    0.956984
   2.73026  0.00797008 -0.00529858 -0.00339828   -0.258591 -0.00681031     0.95613
   2.73609  0.00317639 -0.00423332 -0.00233302   -0.259567 -0.00705446    0.956496
   2.74011  0.00264376 -0.00423332 -0.00233302   -0.259323 -0.00668824    0.955275
